%YAML:1.0
calibration_time: "Thu 24 Oct 2013 04:34:56 PM CEST"
nframes: 20
image_width: 640
image_height: 360
board_width: 10
board_height: 7
square_size: 2.9999999329447746e-02
flags: 0
camera_matrix: !!opencv-matrix
   rows: 3
   cols: 3
   dt: d
   data: [ 6.7584195670808776e+02, 0., 3.0279821717673423e+02, 0.,
       6.7273686527458960e+02, 1.3266432941579080e+02, 0., 0., 1. ]
distortion_coefficients: !!opencv-matrix
   rows: 5
   cols: 1
   dt: d
   data: [ 7.7144976428715592e-04, -1.2098242531290938e-01,
       -4.5617858450621156e-04, 1.3769809774182506e-03,
       8.5694213736679248e-01 ]
avg_reprojection_error: 4.3898569313626579e-01
per_view_reprojection_errors: !!opencv-matrix
   rows: 20
   cols: 1
   dt: f
   data: [ 2.08958164e-01, 3.40669066e-01, 4.77060467e-01,
       5.04016161e-01, 2.88322151e-01, 3.79814446e-01, 2.92557895e-01,
       5.04035711e-01, 2.17067391e-01, 4.07852203e-01, 5.27249753e-01,
       5.00876129e-01, 4.92066205e-01, 4.58398789e-01, 4.88848835e-01,
       5.38122535e-01, 4.92002100e-01, 5.22339344e-01, 4.53957915e-01,
       4.49087173e-01 ]
# a set of 6-tuples (rotation vector + translation vector) for each view
extrinsic_parameters: !!opencv-matrix
   rows: 20
   cols: 6
   dt: d
   data: [ -2.3408643426212111e-01, 4.9752455432083048e-01,
       2.8550125424298392e+00, 4.8375464219121998e-02,
       1.0421436482300163e-01, 7.3516037988685357e-01,
       1.1688360999036487e-01, 4.8332950205833775e-01,
       2.9613328878163867e+00, 2.9317554140930907e-01,
       6.6820366970125958e-02, 7.2171138898994114e-01,
       -2.5430750843475464e-04, 3.3291685219375189e-01,
       3.1070446020206699e+00, 1.5604492138078183e-01,
       1.4732953371788898e-01, 6.1088952205110314e-01,
       3.8420443227615723e-02, -1.2024684735864002e+00,
       -2.8866465679264834e+00, 1.5199131616013140e-01,
       1.3268454297197493e-01, 5.7925137523502568e-01,
       -3.1375718465678111e-02, 4.9783117339745936e-01,
       2.6110995569677762e+00, 2.7735385517607014e-02,
       7.4577559275595520e-02, 1.0686088528592002e+00,
       -5.3959541694742937e-02, 4.3442534664469618e-01,
       2.7377311499305454e+00, 7.0004016253340559e-02,
       5.9775910659323361e-02, 8.5495057007099562e-01,
       5.7074190679642423e-01, 5.6516834386391168e-01,
       2.9133838135750105e+00, 1.6119103946703711e-01,
       8.5503333143635549e-02, 5.3768868940959391e-01,
       2.5865509597072928e-01, 3.8874489115328037e-01,
       3.0521732860854152e+00, 2.5406133844700735e-01,
       1.3364018187672799e-01, 9.7110495196842084e-01,
       2.3780778965573984e-02, 4.8646417427508182e-01,
       2.8924398909175690e+00, -7.6939624349699740e-02,
       1.5464056065057724e-01, 1.0692217130421600e+00,
       1.0254940126379546e-02, 4.8325153960463468e-01,
       3.0060928325482430e+00, -2.9168415468752130e-02,
       1.8427796326603171e-01, 9.7984040820955831e-01,
       -2.3569569936422655e-01, -4.6973500618217301e-01,
       -3.0177365888173449e+00, 2.9940097069219762e-01,
       2.2108656188951537e-01, 9.2457344377166528e-01,
       -2.4929281189996744e-01, -2.9820656782308158e-01,
       -2.9963032149426625e+00, 3.7168735778435136e-01,
       1.0761518061063835e-01, 9.0584123132851724e-01,
       5.9815661336282119e-02, 2.9621145979599683e-01,
       3.0999004568168136e+00, 1.6594567584566602e-01,
       7.6256846315171919e-02, 8.3827246275765099e-01,
       6.3830590846946311e-02, 3.4280038061555540e-01,
       3.0819568061638001e+00, 1.3023347024903456e-01,
       1.1195671236696085e-01, 7.7450907173509631e-01,
       2.0447410900322961e-02, 4.4433211030822872e-01,
       3.0708812663452556e+00, 7.6777532307130705e-02,
       1.5517769231670459e-01, 6.6321846723235178e-01,
       2.6880939602152213e-02, 3.6257181304403546e-01,
       3.1013293710157055e+00, 8.7653960219870208e-02,
       1.0383845990215837e-01, 5.8671838070919291e-01,
       -7.4501924232909300e-02, -2.6124057527105171e-01,
       -3.0975527848442277e+00, 1.2387502641643446e-01,
       8.3994241678937376e-02, 5.0738181978415053e-01,
       -5.4772964021665281e-02, -2.9981763249718341e-01,
       -3.1051171943306159e+00, 1.1874410126385972e-01,
       1.2587742700178411e-01, 4.6441758604606420e-01,
       -6.1805864593117148e-02, 4.0890782175922796e-01,
       3.0634189133109331e+00, 1.3503869578015743e-01,
       1.2463458188641445e-01, 6.0887600854963930e-01,
       -8.4750283009886102e-02, 2.7398022412625328e-01,
       3.0841681867541588e+00, 1.2453162180448127e-01,
       6.7213527361379172e-02, 5.9110739447973615e-01 ]
