%YAML:1.0
calibration_time: "Mon 07 Oct 2013 10:33:09 AM CEST"
nframes: 10
image_width: 1280
image_height: 720
board_width: 9
board_height: 6
square_size: 2.1999999880790710e-02
flags: 0
camera_matrix: !!opencv-matrix
   rows: 3
   cols: 3
   dt: d
   data: [ 1.1049794920844226e+03, 0., 6.5125783741501471e+02, 0.,
       1.1105855700313789e+03, 4.1485973334123270e+02, 0., 0., 1. ]
distortion_coefficients: !!opencv-matrix
   rows: 5
   cols: 1
   dt: d
   data: [ -5.2700139445425009e-01, 3.7574965047686637e-01,
       -1.7057439281308205e-03, -4.8577787682533855e-03,
       -2.2755384114917312e-01 ]
avg_reprojection_error: 6.9234485134109502e-01
per_view_reprojection_errors: !!opencv-matrix
   rows: 10
   cols: 1
   dt: f
   data: [ 1.06415391e+00, 1.12220740e+00, 5.33576012e-01,
       5.90953827e-01, 1.86399400e-01, 1.84721157e-01, 4.76068288e-01,
       4.40398067e-01, 5.42594433e-01, 9.91889358e-01 ]
# a set of 6-tuples (rotation vector + translation vector) for each view
extrinsic_parameters: !!opencv-matrix
   rows: 10
   cols: 6
   dt: d
   data: [ -6.3520303181222926e-01, 2.3522261202643702e-01,
       2.1110437110563436e-02, -1.0948571181395668e-01,
       -5.5591374088902440e-02, 3.3518323846090603e-01,
       -6.7178753710895496e-03, -9.3665263021239031e-01,
       -9.8815466850977460e-02, -1.1210214300621640e-01,
       -7.2088075966612528e-02, 2.5596021716290823e-01,
       3.2338367050606576e-01, -1.8513296609814484e-01,
       -9.5320333444132207e-03, -1.0839896924425860e-01,
       -9.9719584472436576e-02, 3.9179536399082449e-01,
       2.6135413206211344e-01, 6.1613841138801653e-02,
       -8.0885689571821379e-02, -5.8096690687947684e-03,
       -8.9202011598943240e-02, 3.7660054962905376e-01,
       -2.0539134861228447e-01, -2.7566957821910942e-01,
       -2.7335732777432398e-01, -3.5660569964234912e-01,
       4.5573748219764218e-02, 7.4778506312490578e-01,
       -3.0422992006806593e-02, -2.2391342501943401e-01,
       -4.3795813461599981e-01, -3.7123099338725468e-01,
       -1.0884736732625058e-01, 6.4365453197147771e-01,
       -1.1513734480756388e-01, 2.6886897251975955e-01,
       -1.1467656634811892e-02, -5.9571829831193933e-02,
       -7.9050405656856976e-02, 3.0913332807625499e-01,
       -1.4438054057909888e-01, 2.8979289419820331e-01,
       -1.4140056615164241e-02, -5.2371809895951291e-02,
       -7.3470000981776237e-02, 3.0586605806522876e-01,
       -5.0245748102514898e-01, 2.6767953743644118e-01,
       5.9734347673068205e-02, 7.7622731841657341e-02,
       -1.4680526374705244e-01, 5.6757008799944120e-01,
       6.7317559028747687e-01, 3.6962531301044738e-01,
       -1.8993105427332033e-01, -8.8240971794737000e-02,
       -1.7273821032429297e-02, 3.9412706508619533e-01 ]
image_points: !!opencv-matrix
   rows: 10
   cols: 54
   dt: "2f"
   data: [ 3.11706696e+02, 2.42635818e+02, 3.69591125e+02,
       2.33114395e+02, 4.32145294e+02, 2.23699875e+02, 4.98837494e+02,
       2.15067490e+02, 5.69360657e+02, 2.06367920e+02, 6.42821411e+02,
       1.98867584e+02, 7.18502441e+02, 1.92653885e+02, 7.95355347e+02,
       1.87708603e+02, 8.71777405e+02, 1.85408920e+02, 2.91239014e+02,
       2.92839600e+02, 3.50734436e+02, 2.84580719e+02, 4.14866547e+02,
       2.76141357e+02, 4.83941040e+02, 2.67195312e+02, 5.57667969e+02,
       2.59690857e+02, 6.34767822e+02, 2.53054001e+02, 7.14733521e+02,
       2.47050415e+02, 7.95504456e+02, 2.42128510e+02, 8.76147949e+02,
       2.38643494e+02, 2.70320160e+02, 3.46886841e+02, 3.30597870e+02,
       3.39828033e+02, 3.96779022e+02, 3.32777557e+02, 4.68444305e+02,
       3.25951355e+02, 5.45256104e+02, 3.19210175e+02, 6.26171814e+02,
       3.13271393e+02, 7.10160583e+02, 3.08148712e+02, 7.95518555e+02,
       3.03734467e+02, 8.80469727e+02, 2.99540894e+02, 2.49295547e+02,
       4.06596771e+02, 3.10750336e+02, 4.01490112e+02, 3.78696228e+02,
       3.96783844e+02, 4.52694916e+02, 3.91531219e+02, 5.32205505e+02,
       3.85984558e+02, 6.16510193e+02, 3.80508179e+02, 7.04886536e+02,
       3.76220398e+02, 7.94500244e+02, 3.71482880e+02, 8.84325745e+02,
       3.66573517e+02, 2.28892410e+02, 4.70877350e+02, 2.90995605e+02,
       4.68679810e+02, 3.59916962e+02, 4.65468994e+02, 4.35780273e+02,
       4.62403687e+02, 5.18342468e+02, 4.58894653e+02, 6.06394531e+02,
       4.55494171e+02, 6.98557983e+02, 4.51101105e+02, 7.92903076e+02,
       4.46626831e+02, 8.87460083e+02, 4.41331848e+02, 2.09240707e+02,
       5.39426636e+02, 2.72092804e+02, 5.40453857e+02, 3.41537598e+02,
       5.40221436e+02, 4.18892181e+02, 5.39237854e+02, 5.04069916e+02,
       5.38681152e+02, 5.95033386e+02, 5.36527283e+02, 6.91227356e+02,
       5.33598938e+02, 7.89909729e+02, 5.29285583e+02, 8.89303894e+02,
       5.24133606e+02, 2.20370926e+02, 1.38540375e+02, 2.85338806e+02,
       1.41951508e+02, 3.46384369e+02, 1.46356522e+02, 4.03078094e+02,
       1.51276199e+02, 4.56061768e+02, 1.56414032e+02, 5.04351135e+02,
       1.61800964e+02, 5.48611938e+02, 1.67339722e+02, 5.88697754e+02,
       1.72896973e+02, 6.24629272e+02, 1.78452423e+02, 2.21519623e+02,
       2.19042816e+02, 2.87315613e+02, 2.19919617e+02, 3.49649567e+02,
       2.21369110e+02, 4.07810364e+02, 2.23117737e+02, 4.60810913e+02,
       2.25513062e+02, 5.09510040e+02, 2.28294632e+02, 5.54033264e+02,
       2.31114212e+02, 5.94315857e+02, 2.33820404e+02, 6.31070862e+02,
       2.36829620e+02, 2.24777130e+02, 3.03057678e+02, 2.91740936e+02,
       3.00758545e+02, 3.54529053e+02, 2.98840454e+02, 4.12480103e+02,
       2.97508423e+02, 4.66260651e+02, 2.96939545e+02, 5.15041199e+02,
       2.96560364e+02, 5.59274353e+02, 2.96475830e+02, 5.99283752e+02,
       2.96532959e+02, 6.36416626e+02, 2.96581757e+02, 2.30304565e+02,
       3.89353973e+02, 2.96911346e+02, 3.83505829e+02, 3.59641052e+02,
       3.78550568e+02, 4.17721069e+02, 3.73827057e+02, 4.71681427e+02,
       3.69673737e+02, 5.20786621e+02, 3.65981598e+02, 5.64919556e+02,
       3.62793243e+02, 6.05500244e+02, 3.59741425e+02, 6.43001282e+02,
       3.57162537e+02, 2.37329086e+02, 4.75635681e+02, 3.03767395e+02,
       4.66649445e+02, 3.66422424e+02, 4.58089325e+02, 4.24401398e+02,
       4.50041077e+02, 4.77730804e+02, 4.42537018e+02, 5.26089478e+02,
       4.35643951e+02, 5.71089539e+02, 4.29246521e+02, 6.11798767e+02,
       4.23477814e+02, 6.49239807e+02, 4.17840515e+02, 2.46559799e+02,
       5.60637024e+02, 3.11846954e+02, 5.48388794e+02, 3.73985596e+02,
       5.36645386e+02, 4.31652130e+02, 5.25568542e+02, 4.84137878e+02,
       5.14763550e+02, 5.32734863e+02, 5.04819122e+02, 5.77406982e+02,
       4.95485565e+02, 6.18172363e+02, 4.86663605e+02, 6.55280396e+02,
       4.78630676e+02, 3.64217957e+02, 1.49801483e+02, 4.20775940e+02,
       1.47053986e+02, 4.78296692e+02, 1.45033005e+02, 5.36051453e+02,
       1.43501755e+02, 5.93793640e+02, 1.42996857e+02, 6.50392334e+02,
       1.43014786e+02, 7.05907043e+02, 1.43560684e+02, 7.59632263e+02,
       1.45084854e+02, 8.10713806e+02, 1.46795822e+02, 3.64399811e+02,
       2.06440994e+02, 4.20778015e+02, 2.03695602e+02, 4.78224945e+02,
       2.01667358e+02, 5.35776001e+02, 2.00346481e+02, 5.93242676e+02,
       1.99318481e+02, 6.49586792e+02, 1.98802063e+02, 7.04755310e+02,
       1.98852539e+02, 7.58227295e+02, 1.99291672e+02, 8.09687561e+02,
       2.00195969e+02, 3.65536652e+02, 2.62656219e+02, 4.21661591e+02,
       2.60278534e+02, 4.78437958e+02, 2.58348694e+02, 5.35554810e+02,
       2.56674194e+02, 5.92575989e+02, 2.55354828e+02, 6.48561218e+02,
       2.54443893e+02, 7.03458740e+02, 2.53502945e+02, 7.56373474e+02,
       2.53279922e+02, 8.07644348e+02, 2.53294373e+02, 3.67296906e+02,
       3.18304291e+02, 4.22655121e+02, 3.16029114e+02, 4.79241089e+02,
       3.14031036e+02, 5.35635803e+02, 3.12252960e+02, 5.92089966e+02,
       3.10723785e+02, 6.47644104e+02, 3.09422424e+02, 7.01845337e+02,
       3.08117584e+02, 7.54507935e+02, 3.07071533e+02, 8.05630920e+02,
       3.06473358e+02, 3.69897339e+02, 3.72427155e+02, 4.24415955e+02,
