%YAML:1.0
calibration_time: "Mon 02 Sep 2013 03:05:10 PM CEST"
image_width: 1280
image_height: 1024
board_width: 9
board_height: 6
square_size: 2.5000000372529030e-02
flags: 0
camera_matrix: !!opencv-matrix
   rows: 3
   cols: 3
   dt: d
   data: [ 9.3283223136625577e+02, 0., 6.7684939761687360e+02, 0.,
       9.3607453013372242e+02, 5.3395121987578329e+02, 0., 0., 1. ]
distortion_coefficients: !!opencv-matrix
   rows: 5
   cols: 1
   dt: d
   data: [ -5.2900213596682850e-02, 8.9849604414270631e-02,
       2.0155792078601757e-03, 3.9694445661892066e-03,
       -4.6251358533628474e-02 ]
avg_reprojection_error: 5.9885526315406523e-01
per_view_reprojection_errors: !!opencv-matrix
   rows: 9
   cols: 1
   dt: f
   data: [ 7.40207136e-01, 6.66376412e-01, 9.07887936e-01,
       4.61570799e-01, 3.31008404e-01, 2.90960371e-01, 2.15688840e-01,
       8.93662512e-01, 3.98744911e-01 ]
# a set of 6-tuples (rotation vector + translation vector) for each view
extrinsic_parameters: !!opencv-matrix
   rows: 9
   cols: 6
   dt: d
   data: [ -1.4844854164447024e-01, -1.7928633046006313e-02,
       -3.7147322849047121e-02, -1.0271911271027709e-01,
       -7.9212830537677442e-02, 2.1256683800745668e-01,
       -4.1120253919315883e-02, 8.2324411443880741e-01,
       -9.8105914664850163e-02, -1.6264686578303964e-02,
       -9.7351776702418527e-02, 4.1618080218091524e-01,
       -9.0236913395232343e-01, -6.0205653972054157e-02,
       -1.0399000682681282e-01, -9.5393115445934928e-02,
       6.1187141264319707e-03, 3.2724362334070994e-01,
       -7.6839052718578452e-02, 7.9336219947738165e-02,
       -6.3076937871589356e-02, -2.9026778912924012e-01,
       -8.1008164997152965e-02, 4.3961509324829989e-01,
       -1.6107951016021635e-01, 5.0938826697470996e-01,
       -5.2025072218463919e-02, -1.0511190573637692e-03,
       1.9896601039971921e-02, 4.5226333049446749e-01,
       -1.7725801970969485e-02, 1.5879506659768009e-02,
       2.2232762266165537e-02, -1.5494985552964680e-01,
       -2.3976090510325443e-01, 4.8149727244865848e-01,
       -3.8459754950456454e-01, 2.8334975269655599e-01,
       -5.7859316829428423e-02, -4.1083559258112252e-02,
       7.9099821248160965e-02, 5.6351830238871958e-01,
       6.6065636017905549e-01, 4.6786390735167376e-02,
       2.6694688331920281e-02, -7.3859261585114550e-02,
       -1.0907559314171154e-01, 2.4413139783880072e-01,
       1.2606249453072021e-01, -6.9402609338275814e-02,
       -2.8151422795297918e-03, -2.0919591020202291e-01,
       -1.5339398703836146e-01, 3.3185857133959323e-01 ]
image_points: !!opencv-matrix
   rows: 9
   cols: 54
   dt: "2f"
   data: [ 2.34056839e+02, 1.91251495e+02, 3.42052338e+02,
       1.87564072e+02, 4.49936371e+02, 1.83653564e+02, 5.57635010e+02,
       1.79890350e+02, 6.65464417e+02, 1.76058243e+02, 7.72761475e+02,
       1.72812637e+02, 8.79987183e+02, 1.69570053e+02, 9.86308289e+02,
       1.66789154e+02, 1.09192957e+03, 1.64773865e+02, 2.29366806e+02,
       2.93589783e+02, 3.38988159e+02, 2.89401154e+02, 4.48955048e+02,
       2.85038391e+02, 5.58824890e+02, 2.80560181e+02, 6.69161926e+02,
       2.77550873e+02, 7.78833191e+02, 2.74335052e+02, 8.88109070e+02,
       2.71086823e+02, 9.96418701e+02, 2.68100555e+02, 1.10384326e+03,
       2.65710358e+02, 2.24699753e+02, 3.99833862e+02, 3.35930695e+02,
       3.95303070e+02, 4.48017334e+02, 3.90941803e+02, 5.60432983e+02,
       3.86805817e+02, 6.73225891e+02, 3.83052216e+02, 7.85303162e+02,
       3.79594299e+02, 8.96703369e+02, 3.76340668e+02, 1.00639618e+03,
       3.73655182e+02, 1.11566028e+03, 3.70615509e+02, 2.20806351e+02,
       5.11017975e+02, 3.34071564e+02, 5.06632080e+02, 4.48117676e+02,
       5.02459625e+02, 5.62570618e+02, 4.98309052e+02, 6.77388794e+02,
       4.94186890e+02, 7.91766235e+02, 4.90309631e+02, 9.05237976e+02,
       4.86482910e+02, 1.01724963e+03, 4.82852142e+02, 1.12892700e+03,
       4.79247223e+02, 2.18264984e+02, 6.25942200e+02, 3.32954102e+02,
       6.21833862e+02, 4.48515991e+02, 6.17706360e+02, 5.64683716e+02,
       6.13647705e+02, 6.81771118e+02, 6.09387634e+02, 7.98179810e+02,
       6.05209534e+02, 9.13909912e+02, 6.00695862e+02, 1.02835535e+03,
       5.96377747e+02, 1.14271362e+03, 5.92089417e+02, 2.15673813e+02,
       7.44656006e+02, 3.32435730e+02, 7.40619019e+02, 4.49391907e+02,
       7.36875854e+02, 5.67473755e+02, 7.32971741e+02, 6.86244568e+02,
       7.28695984e+02, 8.04574463e+02, 7.24163086e+02, 9.22612061e+02,
       7.19348328e+02, 1.03977649e+03, 7.14596191e+02, 1.15718811e+03,
       7.10147217e+02, 6.40944519e+02, 3.15776367e+02, 6.78944275e+02,
       2.99735474e+02, 7.20555908e+02, 2.82166687e+02, 7.66216248e+02,
       2.63047302e+02, 8.16570374e+02, 2.41934341e+02, 8.72490967e+02,
       2.18523605e+02, 9.34787537e+02, 1.92341690e+02, 1.00541034e+03,
       1.62861618e+02, 1.08638965e+03, 1.29727325e+02, 6.44130737e+02,
       3.70500366e+02, 6.82275208e+02, 3.56914154e+02, 7.24241333e+02,
       3.41852142e+02, 7.70010986e+02, 3.25545441e+02, 8.21864563e+02,
       3.07616119e+02, 8.78686462e+02, 2.87884460e+02, 9.41895447e+02,
       2.65584564e+02, 1.01331281e+03, 2.40633102e+02, 1.09514453e+03,
       2.12415298e+02, 6.47412720e+02, 4.26151581e+02, 6.85743774e+02,
       4.14697388e+02, 7.28106995e+02, 4.02598999e+02, 7.74998718e+02,
       3.89022400e+02, 8.26843262e+02, 3.74376617e+02, 8.84564880e+02,
       3.58011444e+02, 9.48986389e+02, 3.39909515e+02, 1.02192126e+03,
       3.19603088e+02, 1.10432971e+03, 2.96345184e+02, 6.51769653e+02,
       4.82331970e+02, 6.90360657e+02, 4.73833588e+02, 7.33361023e+02,
       4.64213348e+02, 7.80594910e+02, 4.53846832e+02, 8.32950562e+02,
       4.42307037e+02, 8.91195312e+02, 4.29686066e+02, 9.56483887e+02,
       4.15510651e+02, 1.02986487e+03, 3.99655182e+02, 1.11344958e+03,
       3.81567047e+02, 6.56801819e+02, 5.39357971e+02, 6.95692566e+02,
       5.33132202e+02, 7.38543701e+02, 5.26591248e+02, 7.86095947e+02,
       5.19222717e+02, 8.39075073e+02, 5.11217255e+02, 8.98065308e+02,
       5.02254700e+02, 9.63895569e+02, 4.92265778e+02, 1.03800916e+03,
       4.80992615e+02, 1.12255652e+03, 4.68149200e+02, 6.62030762e+02,
       5.96568604e+02, 7.01359375e+02, 5.93242188e+02, 7.44390747e+02,
       5.89557922e+02, 7.92033630e+02, 5.85597168e+02, 8.45627502e+02,
       5.80989502e+02, 9.04823486e+02, 5.75909180e+02, 9.71429626e+02,
       5.70215149e+02, 1.04620459e+03, 5.63827209e+02, 1.13190234e+03,
       5.56581482e+02, 4.06887085e+02, 5.52027832e+02, 4.78214874e+02,
       5.47356934e+02, 5.48954468e+02, 5.42555115e+02, 6.18924316e+02,
       5.37898254e+02, 6.88173767e+02, 5.33208923e+02, 7.56255310e+02,
       5.28791748e+02, 8.23776672e+02, 5.24158691e+02, 8.89839233e+02,
       5.20247437e+02, 9.54872681e+02, 5.17235596e+02, 3.98358459e+02,
       5.99126099e+02, 4.74259338e+02, 5.93595947e+02, 5.49427795e+02,
       5.88021973e+02, 6.23722351e+02, 5.82352051e+02, 6.97259949e+02,
       5.78078247e+02, 7.69540161e+02, 5.73408569e+02, 8.40958740e+02,
       5.68257996e+02, 9.10885132e+02, 5.63596436e+02, 9.79565002e+02,
       5.59789673e+02, 3.88987671e+02, 6.52557861e+02, 4.69759552e+02,
       6.45914429e+02, 5.49994202e+02, 6.39789917e+02, 6.29261292e+02,
       6.33930969e+02, 7.07579834e+02, 6.28378113e+02, 7.84509766e+02,
       6.23057251e+02, 8.60225220e+02, 6.17655212e+02, 9.34278687e+02,
       6.13079285e+02, 1.00710767e+03, 6.08251709e+02, 3.78469849e+02,
       7.14732666e+02, 4.65043396e+02, 7.07456421e+02, 5.50956299e+02,
       7.00532410e+02, 6.35594238e+02, 6.93816589e+02, 7.19257446e+02,
       6.86943726e+02, 8.01431824e+02, 6.80450317e+02, 8.82087952e+02,
       6.74256104e+02, 9.61051697e+02, 6.68325928e+02, 1.03880701e+03,
       6.62296387e+02, 3.66861603e+02, 7.87545715e+02, 4.59892639e+02,
       7.78872131e+02, 5.52053284e+02, 7.70223877e+02, 6.42845947e+02,
       7.61923279e+02, 7.32666321e+02, 7.54143799e+02, 8.20586304e+02,
       7.46651672e+02, 9.07031067e+02, 7.38830994e+02, 9.91731018e+02,
