%YAML:1.0
calibration_time: "Mon 16 Sep 2013 11:38:30 AM CEST"
nframes: 11
image_width: 1280
image_height: 720
board_width: 9
board_height: 6
square_size: 2.1999999880790710e-02
flags: 0
camera_matrix: !!opencv-matrix
   rows: 3
   cols: 3
   dt: d
   data: [ 1.2686087788742507e+03, 0., 6.4121565164354718e+02, 0.,
       1.2697767650020444e+03, 3.7100594099266931e+02, 0., 0., 1. ]
distortion_coefficients: !!opencv-matrix
   rows: 5
   cols: 1
   dt: d
   data: [ 1.6768474097756833e-01, -8.0192980143790216e-01,
       7.8639380689847875e-03, -1.7910935782004477e-03,
       7.0835536340742922e-01 ]
avg_reprojection_error: 6.5273009750852995e-01
per_view_reprojection_errors: !!opencv-matrix
   rows: 11
   cols: 1
   dt: f
   data: [ 7.43889332e-01, 3.76507849e-01, 3.96120250e-01,
       1.13708353e+00, 3.91623080e-01, 6.42105043e-01, 5.28435528e-01,
       5.07371426e-01, 4.34943110e-01, 8.21616769e-01, 7.58324325e-01 ]
# a set of 6-tuples (rotation vector + translation vector) for each view
extrinsic_parameters: !!opencv-matrix
   rows: 11
   cols: 6
   dt: d
   data: [ -3.0210905933080490e-01, -6.9243547974546371e-01,
       3.5650334407597441e-02, -1.1674345653325707e-01,
       -6.3979196054146800e-02, 3.2489739984677396e-01,
       3.6254287942567115e-01, 8.6359160004134239e-02,
       -6.7425926681064297e-01, -1.3868334704011212e-01,
       8.2587809304946691e-02, 6.8765295163490558e-01,
       -1.3507885432895059e-01, -7.2103686815351814e-02,
       4.4032542123817062e-02, 5.2311524041727446e-02,
       -6.9004039034114548e-02, 5.1751987796053156e-01,
       -9.2745385548895543e-01, -3.6233311188089390e-01,
       -8.5298903376839041e-02, -1.0732350497610930e-01,
       -1.7220723909693304e-02, 4.3599680976123961e-01,
       -7.6096208200997439e-02, -6.2073428891927213e-02,
       -1.2713246547452225e-02, -7.2011174919941842e-02,
       -6.0953795193452655e-02, 2.9922926076737971e-01,
       -3.3904503749787301e-01, -1.0123009245014760e+00,
       6.9121734367848997e-01, -2.0769149340175017e-01,
       -4.1974349162784405e-02, 6.4710273450422917e-01,
       -1.0299895368068461e-01, -4.8529407804955144e-01,
       5.1678316527649837e-01, 1.7345194959164378e-01,
       -1.3753729994801484e-01, 5.8232890804443294e-01,
       6.8471094483731121e-01, -5.9656036069243051e-02,
       -1.6787087758410191e-02, -9.8520907134480043e-02,
       -1.8315154857797747e-01, 7.0964593178195223e-01,
       -4.4151789366902172e-03, -5.9260283194237851e-01,
       3.2752178781942656e-02, -2.0880543082287900e-02,
       -9.7404391672057750e-02, 7.8952327620113905e-01,
       7.8663342615812523e-02, 1.2755828636365654e+00,
       1.1517236706451883e-01, 1.2278788153609167e-01,
       -9.5476122307837349e-02, 7.2826273393388929e-01,
       8.5531040471437381e-01, 1.6577581075091874e-01,
       6.0831380169822646e-02, -1.1484722012749950e-01,
       -1.2325825831494727e-01, 5.5679284349352409e-01 ]
image_points: !!opencv-matrix
   rows: 11
   cols: 54
   dt: "2f"
   data: [ 1.81347305e+02, 1.21477280e+02, 2.63452209e+02,
       1.41433502e+02, 3.40247223e+02, 1.60353958e+02, 4.11054779e+02,
       1.78281265e+02, 4.77001801e+02, 1.94768860e+02, 5.37801819e+02,
       2.10463379e+02, 5.94322083e+02, 2.25129288e+02, 6.46609619e+02,
       2.38956085e+02, 6.95290344e+02, 2.51995331e+02, 1.78346146e+02,
       2.00832748e+02, 2.62356720e+02, 2.18114136e+02, 3.40733612e+02,
       2.34373566e+02, 4.13491577e+02, 2.49418320e+02, 4.80044708e+02,
       2.63958649e+02, 5.41552185e+02, 2.77381195e+02, 5.98441711e+02,
       2.89992065e+02, 6.51527649e+02, 3.01538849e+02, 7.01164429e+02,
       3.12987946e+02, 1.75312592e+02, 2.83090546e+02, 2.61378998e+02,
       2.97251099e+02, 3.41355530e+02, 3.10603973e+02, 4.14857819e+02,
       3.23327179e+02, 4.82831848e+02, 3.34928009e+02, 5.45095703e+02,
       3.46095276e+02, 6.02550171e+02, 3.56489746e+02, 6.55627502e+02,
       3.66425812e+02, 7.06200623e+02, 3.75381744e+02, 1.71440567e+02,
       3.69258545e+02, 2.59290619e+02, 3.80239685e+02, 3.40530029e+02,
       3.90636383e+02, 4.15474487e+02, 4.00053131e+02, 4.84637054e+02,
       4.08986389e+02, 5.48420715e+02, 4.17203705e+02, 6.06561157e+02,
       4.25366699e+02, 6.61292053e+02, 4.32916809e+02, 7.12832397e+02,
       4.40009491e+02, 1.66764542e+02, 4.58823578e+02, 2.56478455e+02,
       4.66498383e+02, 3.39700836e+02, 4.73254211e+02, 4.16209930e+02,
       4.79548065e+02, 4.86529205e+02, 4.85484955e+02, 5.50828369e+02,
       4.91285461e+02, 6.10964722e+02, 4.96627655e+02, 6.66787109e+02,
       5.01808807e+02, 7.19446472e+02, 5.06694550e+02, 1.62244400e+02,
       5.52433838e+02, 2.53331879e+02, 5.56301941e+02, 3.38289337e+02,
       5.59533997e+02, 4.16420929e+02, 5.62400696e+02, 4.87788391e+02,
       5.65396057e+02, 5.54306885e+02, 5.68060913e+02, 6.15517578e+02,
       5.70963501e+02, 6.72675598e+02, 5.73591492e+02, 7.26039673e+02,
       5.76362976e+02, 3.82821106e+02, 5.25342285e+02, 4.13768738e+02,
       5.01460358e+02, 4.45156921e+02, 4.77400421e+02, 4.76655029e+02,
       4.53003998e+02, 5.08538788e+02, 4.28519989e+02, 5.40531128e+02,
       4.03683441e+02, 5.73019348e+02, 3.78683716e+02, 6.05486633e+02,
       3.53283722e+02, 6.38412048e+02, 3.27530640e+02, 4.10485321e+02,
       5.53359924e+02, 4.41368622e+02, 5.29845093e+02, 4.72506622e+02,
       5.06202240e+02, 5.03882111e+02, 4.82496613e+02, 5.35549255e+02,
       4.58166168e+02, 5.67503967e+02, 4.33642395e+02, 5.99585815e+02,
       4.08827667e+02, 6.32153870e+02, 3.84001251e+02, 6.64710815e+02,
       3.58614349e+02, 4.37607727e+02, 5.80816956e+02, 4.68306152e+02,
       5.57890076e+02, 4.99347656e+02, 5.34577881e+02, 5.30498657e+02,
       5.10925385e+02, 5.62104004e+02, 4.87164551e+02, 5.93699951e+02,
       4.62897430e+02, 6.25788025e+02, 4.38449371e+02, 6.57941040e+02,
       4.13636963e+02, 6.90607239e+02, 3.88926331e+02, 4.64473267e+02,
       6.07628967e+02, 4.94861603e+02, 5.84987854e+02, 5.25700073e+02,
       5.61935669e+02, 5.56703613e+02, 5.38679321e+02, 5.88019348e+02,
       5.15338867e+02, 6.19630615e+02, 4.91697571e+02, 6.51495605e+02,
       4.67517365e+02, 6.83630371e+02, 4.43411804e+02, 7.16163025e+02,
       4.19054779e+02, 4.90679596e+02, 6.33477661e+02, 5.21015015e+02,
       6.11379150e+02, 5.51555115e+02, 5.88873596e+02, 5.82445129e+02,
       5.66191284e+02, 6.13621399e+02, 5.43118103e+02, 6.44994324e+02,
       5.19622925e+02, 6.76726685e+02, 4.96247375e+02, 7.08697510e+02,
       4.72500275e+02, 7.41282227e+02, 4.48685638e+02, 5.16557800e+02,
       6.58856140e+02, 5.46620667e+02, 6.36990417e+02, 5.77152649e+02,
       6.15210327e+02, 6.07701355e+02, 5.93005676e+02, 6.38772827e+02,
       5.70255127e+02, 6.70097473e+02, 5.47561768e+02, 7.01661743e+02,
       5.24468628e+02, 7.33613770e+02, 5.01385712e+02, 7.65895142e+02,
       4.77789581e+02, 7.69888977e+02, 2.01998596e+02, 8.23362671e+02,
       2.04908386e+02, 8.76688599e+02, 2.07790329e+02, 9.29644775e+02,
       2.10897354e+02, 9.82576111e+02, 2.13814743e+02, 1.03477539e+03,
       2.17169342e+02, 1.08655103e+03, 2.20413284e+02, 1.13762817e+03,
       2.23991547e+02, 1.18819031e+03, 2.27542953e+02, 7.68363953e+02,
       2.54651688e+02, 8.22009521e+02, 2.57549561e+02, 8.75917786e+02,
       2.60438751e+02, 9.29485229e+02, 2.63205994e+02, 9.82640198e+02,
       2.66363831e+02, 1.03518054e+03, 2.69427032e+02, 1.08740796e+03,
       2.72652527e+02, 1.13880847e+03, 2.75892151e+02, 1.18974829e+03,
       2.79358673e+02, 7.66768677e+02, 3.07864624e+02, 8.21082703e+02,
       3.10585144e+02, 8.75312622e+02, 3.13518188e+02, 9.28989502e+02,
       3.16328888e+02, 9.82662415e+02, 3.19321320e+02, 1.03558301e+03,
       3.22341217e+02, 1.08799036e+03, 3.25448639e+02, 1.13952551e+03,
       3.28670807e+02, 1.19090747e+03, 3.31692322e+02, 7.65404663e+02,
       3.61954620e+02, 8.19707092e+02, 3.64665833e+02, 8.74300232e+02,
       3.67501495e+02, 9.28438477e+02, 3.70410645e+02, 9.82541260e+02,
