%YAML:1.0
calibration_time: "Thu 05 Sep 2013 11:46:26 AM CEST"
nframes: 10
image_width: 1280
image_height: 1024
board_width: 9
board_height: 6
square_size: 2.5000000372529030e-02
flags: 0
camera_matrix: !!opencv-matrix
   rows: 3
   cols: 3
   dt: d
   data: [ 9.3083349700496683e+02, 0., 6.7021307134096560e+02, 0.,
       9.3561353469391702e+02, 5.2457644157701202e+02, 0., 0., 1. ]
distortion_coefficients: !!opencv-matrix
   rows: 5
   cols: 1
   dt: d
   data: [ -9.6004786196586811e-02, 2.0777502194889158e-01,
       1.4592287523824490e-03, 1.1125058360575678e-03,
       -1.4505307644800430e-01 ]
avg_reprojection_error: 6.1870013840470051e-01
per_view_reprojection_errors: !!opencv-matrix
   rows: 10
   cols: 1
   dt: f
   data: [ 5.50660908e-01, 1.05833232e+00, 1.09113050e+00,
       5.68398714e-01, 2.28695810e-01, 2.89758235e-01, 6.73218727e-01,
       3.72863621e-01, 3.17076355e-01, 2.48819500e-01 ]
# a set of 6-tuples (rotation vector + translation vector) for each view
extrinsic_parameters: !!opencv-matrix
   rows: 10
   cols: 6
   dt: d
   data: [ 9.8292493267685033e-01, 1.4869265742016306e-02,
       2.1505154457649410e-03, -2.0225036110737013e-01,
       -2.2433774032985104e-01, 4.7667276012905047e-01,
       -2.1325965794904803e-01, 7.2703035824945439e-01,
       4.0562468829738317e-02, -7.9065909134283241e-02,
       -7.1023651166083349e-02, 3.2120079206455304e-01,
       -1.8251344053106733e-01, -6.3567820428922128e-01,
       1.0861301588608904e-01, -5.8748470998614098e-02,
       -7.3139954342200345e-02, 1.7761335882886309e-01,
       -4.9301887338001171e-01, -1.4441133451398241e-01,
       -8.1870949895814074e-02, -1.7832497346955506e-01,
       -2.4115719298502356e-01, 5.1903893017802905e-01,
       -4.6406021502706951e-02, 1.5050724599181572e-01,
       -3.1432655765629205e-04, 5.9347079884112780e-02,
       -1.0500007224437904e-01, 5.2616614475077461e-01,
       -1.3810398560182532e-01, -5.8570970045831039e-01,
       -5.2331447419263669e-02, -2.6526573014641841e-01,
       -8.1818065558283803e-02, 4.2519625353055102e-01,
       5.4790608374883322e-03, -4.1022525712650811e-03,
       1.7806851567121154e-02, -1.0166637664824565e-01,
       -7.6076896956208145e-02, 1.8665073172784949e-01,
       2.6589348271123810e-02, -2.4526419181788825e-01,
       2.5386408947493159e-03, -1.6239803733800770e-01,
       -1.2138242565751454e-01, 2.7140556663208121e-01,
       -4.0307614620084392e-02, 4.1016671467011906e-02,
       1.9288251192359065e-02, -2.2342046179526853e-02,
       7.6118738221859442e-03, 3.4229427083571345e-01,
       -1.9213245806070819e-01, -5.5015168245249768e-01,
       1.9242587203318845e-01, -4.2407682361576282e-01,
       1.8377797180196762e-01, 7.2428863933491128e-01 ]
image_points: !!opencv-matrix
   rows: 10
   cols: 54
   dt: "2f"
   data: [ 2.82513275e+02, 9.16934052e+01, 3.30195251e+02,
       9.19681931e+01, 3.77900879e+02, 9.22534256e+01, 4.25674286e+02,
       9.22823257e+01, 4.73583710e+02, 9.23341141e+01, 5.21446838e+02,
       9.21190948e+01, 5.69612122e+02, 9.18428497e+01, 6.17676270e+02,
       9.13309021e+01, 6.65890320e+02, 9.06171112e+01, 2.98557129e+02,
       1.35397278e+02, 3.44224670e+02, 1.35688004e+02, 3.89898315e+02,
       1.35991776e+02, 4.35660919e+02, 1.36295776e+02, 4.81665039e+02,
       1.36087830e+02, 5.27731323e+02, 1.35768539e+02, 5.73869568e+02,
       1.35489502e+02, 6.20056885e+02, 1.35035339e+02, 6.66311096e+02,
       1.34362335e+02, 3.13310364e+02, 1.75380768e+02, 3.56976746e+02,
       1.75891953e+02, 4.00949097e+02, 1.76157852e+02, 4.44982483e+02,
       1.76186417e+02, 4.89258575e+02, 1.76171097e+02, 5.33429626e+02,
       1.75795105e+02, 5.77802185e+02, 1.75231750e+02, 6.22211975e+02,
       1.74535156e+02, 6.66577881e+02, 1.74233871e+02, 3.26969910e+02,
       2.12068283e+02, 3.69057404e+02, 2.12416550e+02, 4.11359802e+02,
       2.12585342e+02, 4.53672943e+02, 2.12729584e+02, 4.96232666e+02,
       2.12800079e+02, 5.38746887e+02, 2.12546066e+02, 5.81478516e+02,
       2.12057373e+02, 6.24164001e+02, 2.11773865e+02, 6.66897339e+02,
       2.11662582e+02, 3.39669434e+02, 2.45643387e+02, 3.80225739e+02,
       2.46065506e+02, 4.20880219e+02, 2.46554489e+02, 4.61659424e+02,
       2.46779388e+02, 5.02671387e+02, 2.46663483e+02, 5.43679077e+02,
       2.46370285e+02, 5.84741577e+02, 2.46340927e+02, 6.25949829e+02,
       2.46189453e+02, 6.67266357e+02, 2.46268509e+02, 3.51471893e+02,
       2.77113251e+02, 3.90594727e+02, 2.77335968e+02, 4.29795013e+02,
       2.77957886e+02, 4.69105286e+02, 2.78402679e+02, 5.08658630e+02,
       2.78202789e+02, 5.48228027e+02, 2.78392365e+02, 5.87883423e+02,
       2.78355042e+02, 6.27600647e+02, 2.78500519e+02, 6.67516113e+02,
       2.78575928e+02, 4.43929962e+02, 3.19897308e+02, 4.87773285e+02,
       3.05350861e+02, 5.36798950e+02, 2.89464661e+02, 5.92030029e+02,
       2.71721497e+02, 6.54592224e+02, 2.51665771e+02, 7.25806519e+02,
       2.29442688e+02, 8.07921753e+02, 2.04373489e+02, 9.03376282e+02,
       1.75839920e+02, 1.01523669e+03, 1.42716904e+02, 4.31874939e+02,
       3.88408417e+02, 4.75525543e+02, 3.77764160e+02, 5.24570374e+02,
       3.65321960e+02, 5.79388489e+02, 3.51775940e+02, 6.43006531e+02,
       3.36824982e+02, 7.15577209e+02, 3.20343262e+02, 7.99235596e+02,
       3.01437042e+02, 8.95902405e+02, 2.79959229e+02, 1.00970166e+03,
       2.55242477e+02, 4.19921967e+02, 4.59236084e+02, 4.63019348e+02,
       4.51923370e+02, 5.12097900e+02, 4.44294678e+02, 5.67964966e+02,
       4.35372894e+02, 6.31622681e+02, 4.25938751e+02, 7.05127380e+02,
       4.15120697e+02, 7.90270203e+02, 4.03204498e+02, 8.89277954e+02,
       3.89550629e+02, 1.00425763e+03, 3.73595764e+02, 4.08227936e+02,
       5.32336609e+02, 4.51615204e+02, 5.29497803e+02, 5.00939331e+02,
       5.26260925e+02, 5.56758545e+02, 5.22788879e+02, 6.20696350e+02,
       5.18895264e+02, 6.94704529e+02, 5.14649109e+02, 7.80904907e+02,
       5.09911713e+02, 8.80555359e+02, 5.04317352e+02, 9.97867249e+02,
       4.97685760e+02, 3.97246399e+02, 6.07697998e+02, 4.40590027e+02,
       6.09198242e+02, 4.89094818e+02, 6.10811829e+02, 5.44909180e+02,
       6.12811951e+02, 6.09577209e+02, 6.15266907e+02, 6.84267029e+02,
       6.18209412e+02, 7.70374207e+02, 6.21294189e+02, 8.71454163e+02,
       6.24752625e+02, 9.90808044e+02, 6.28697388e+02, 3.85714142e+02,
       6.84855835e+02, 4.29260925e+02, 6.91045471e+02, 4.77563873e+02,
       6.98004761e+02, 5.32923767e+02, 7.06002747e+02, 5.98078674e+02,
       7.15217590e+02, 6.72142578e+02, 7.25441040e+02, 7.59209900e+02,
       7.37408936e+02, 8.60955933e+02, 7.51043579e+02, 9.82859070e+02,
       7.67402466e+02, 3.66980377e+02, 1.46946167e+02, 4.84571655e+02,
       1.92464325e+02, 5.86714966e+02, 2.31630981e+02, 6.75610474e+02,
       2.66313080e+02, 7.54150391e+02, 2.96970642e+02, 8.23058594e+02,
       3.24472870e+02, 8.84332336e+02, 3.49248383e+02, 9.38103271e+02,
       3.71716522e+02, 9.86288574e+02, 3.92074585e+02, 3.51695221e+02,
       2.65771790e+02, 4.73874390e+02, 3.03447693e+02, 5.79769348e+02,
       3.36088409e+02, 6.72195679e+02, 3.64598206e+02, 7.52390503e+02,
       3.90417480e+02, 8.22601440e+02, 4.13314850e+02, 8.84796814e+02,
       4.33786469e+02, 9.39959900e+02, 4.52063354e+02, 9.88799500e+02,
       4.68610565e+02, 3.35912170e+02, 3.91958008e+02, 4.62782928e+02,
       4.21163788e+02, 5.72445618e+02, 4.46520264e+02, 6.67315491e+02,
       4.68975647e+02, 7.49981812e+02, 4.88643860e+02, 8.21875244e+02,
       5.06056091e+02, 8.84865540e+02, 5.21656067e+02, 9.40438171e+02,
       5.35548889e+02, 9.90782288e+02, 5.47826721e+02, 3.18483368e+02,
       5.26913635e+02, 4.50181671e+02, 5.46860229e+02, 5.63351196e+02,
       5.64150269e+02, 6.61220947e+02, 5.78912598e+02, 7.46499817e+02,
       5.91886292e+02, 8.20279175e+02, 6.03232910e+02, 8.84635498e+02,
       6.13228699e+02, 9.42209656e+02, 6.22024658e+02, 9.94066711e+02,
       6.30025085e+02, 3.00099854e+02, 6.69791687e+02, 4.37022736e+02,
