%YAML:1.0
calibration_time: "Tue 22 Oct 2013 05:22:25 PM CEST"
nframes: 6
image_width: 640
image_height: 480
board_width: 6
board_height: 3
square_size: 1.1124999821186066e-01
flags: 0
camera_matrix: !!opencv-matrix
   rows: 3
   cols: 3
   dt: d
   data: [ 7.6588621342820102e+02, 0., 3.2500084826328748e+02, 0.,
       7.6642403059110870e+02, 2.3677608147387164e+02, 0., 0., 1. ]
distortion_coefficients: !!opencv-matrix
   rows: 5
   cols: 1
   dt: d
   data: [ -3.3164687895652391e-02, 3.6549843160426747e-02,
       5.5169017666758620e-05, 3.7105414394243480e-03,
       6.1923519005458494e-01 ]
avg_reprojection_error: 2.1814234941089586e-01
per_view_reprojection_errors: !!opencv-matrix
   rows: 6
   cols: 1
   dt: f
   data: [ 3.78726929e-01, 1.45916805e-01, 1.16216958e-01,
       1.63607478e-01, 1.67992130e-01, 2.28682250e-01 ]
# a set of 6-tuples (rotation vector + translation vector) for each view
extrinsic_parameters: !!opencv-matrix
   rows: 6
   cols: 6
   dt: d
   data: [ -3.9685211837535955e-02, 2.0392866304931415e-01,
       3.0868501405222899e+00, 2.1342439631115540e-01,
       3.8575023531518859e-01, 2.5618748774287177e+00,
       -3.6433277985179528e-02, 1.5365462109159836e-01,
       2.9428721875936641e+00, 3.0214722615520972e-01,
       2.6347578199439009e-01, 1.7380009280466493e+00,
       -6.6087719798076416e-01, 2.9700613164444228e-01,
       2.1206112738830361e+00, -3.6441015650999053e-01,
       1.8569485889299159e-01, 2.8898711009702751e+00,
       1.5801914946884731e-02, 4.7632549066058766e-01,
       -7.2572523824956869e-01, -2.2320222939317649e-01,
       2.2097048166512787e-01, 1.5704978682115338e+00,
       2.5874662208535081e-02, -3.7451003951850977e-02,
       -8.2337256917141233e-01, -1.3051209265421460e-01,
       1.8023813739989150e-01, 1.4695374012907532e+00,
       -8.8472468116347652e-02, 2.7524948387328746e-01,
       3.0577557165536704e+00, 2.3949756150371682e-01,
       -1.0200583135569295e-01, 1.5120391168232739e+00 ]
image_points: !!opencv-matrix
   rows: 6
   cols: 18
   dt: "2f"
   data: [ 3.88829773e+02, 3.52479553e+02, 3.55339539e+02,
       3.53650909e+02, 3.22708344e+02, 3.55550385e+02, 2.89434601e+02,
       3.57019714e+02, 2.55521576e+02, 3.58472687e+02, 2.22454132e+02,
       3.60737213e+02, 3.86921356e+02, 3.18389801e+02, 3.53901367e+02,
       3.20690430e+02, 3.20522217e+02, 3.22137878e+02, 2.87218872e+02,
       3.23506775e+02, 2.54429718e+02, 3.25607361e+02, 2.21624557e+02,
       3.26491730e+02, 3.84454865e+02, 2.85354950e+02, 3.52517029e+02,
       2.87393219e+02, 3.19307983e+02, 2.88486389e+02, 2.86546387e+02,
       2.90583984e+02, 2.53432770e+02, 2.92012451e+02, 2.20301453e+02,
       2.93256226e+02, 4.58461029e+02, 3.52936646e+02, 4.10405426e+02,
       3.62589111e+02, 3.62216125e+02, 3.72309387e+02, 3.13854645e+02,
       3.81904358e+02, 2.65445038e+02, 3.91602722e+02, 2.17163773e+02,
       4.01280609e+02, 4.47711700e+02, 3.04743591e+02, 4.00355347e+02,
       3.14295837e+02, 3.52456055e+02, 3.23586395e+02, 3.04350677e+02,
       3.33301544e+02, 2.56177826e+02, 3.42871460e+02, 2.08170456e+02,
       3.52279449e+02, 4.37580322e+02, 2.56954834e+02, 3.90542389e+02,
       2.66237000e+02, 3.42865204e+02, 2.75810364e+02, 2.95158142e+02,
       2.85095673e+02, 2.47233917e+02, 2.94471771e+02, 1.99106110e+02,
       3.04123291e+02, 2.28704361e+02, 2.85806885e+02, 2.12212173e+02,
       3.07439636e+02, 1.94966690e+02, 3.29910950e+02, 1.77004807e+02,
       3.53167450e+02, 1.58317398e+02, 3.77661957e+02, 1.38523895e+02,
       4.03353668e+02, 2.04789291e+02, 2.68530853e+02, 1.87993484e+02,
       2.89618317e+02, 1.70252045e+02, 3.11622589e+02, 1.51631546e+02,
       3.34639679e+02, 1.32362961e+02, 3.58673676e+02, 1.11961182e+02,
       3.83949799e+02, 1.80842331e+02, 2.51182373e+02, 1.63644653e+02,
       2.71655640e+02, 1.45451324e+02, 2.93451538e+02, 1.26197716e+02,
       3.16078033e+02, 1.06337456e+02, 3.39654724e+02, 8.53992081e+01,
       3.64527344e+02, 2.16209076e+02, 3.44261536e+02, 2.49174118e+02,
       3.12400909e+02, 2.84040161e+02, 2.78396545e+02, 3.20879578e+02,
       2.41573364e+02, 3.60714111e+02, 2.02710678e+02, 4.03408264e+02,
       1.61159164e+02, 2.50586487e+02, 3.86610535e+02, 2.84503784e+02,
       3.55680298e+02, 3.20703430e+02, 3.22643707e+02, 3.59653961e+02,
       2.87288422e+02, 4.01272247e+02, 2.49324539e+02, 4.45701324e+02,
       2.08662704e+02, 2.85390808e+02, 4.29887146e+02, 3.20657288e+02,
       4.00283234e+02, 3.58613739e+02, 3.68068542e+02, 3.99261261e+02,
       3.33745697e+02, 4.42634155e+02, 2.97125153e+02, 4.89383301e+02,
       2.57645691e+02, 2.56817383e+02, 3.30705017e+02, 2.96400574e+02,
       2.88057434e+02, 3.35726196e+02, 2.45511230e+02, 3.74924866e+02,
       2.03318268e+02, 4.14023193e+02, 1.60994980e+02, 4.52749237e+02,
       1.19030785e+02, 2.99859985e+02, 3.69430511e+02, 3.38724731e+02,
       3.27308472e+02, 3.77863617e+02, 2.84724579e+02, 4.16929260e+02,
       2.42434677e+02, 4.55776733e+02, 2.00342529e+02, 4.94576111e+02,
       1.58217300e+02, 3.42354675e+02, 4.08318695e+02, 3.80878632e+02,
       3.66239746e+02, 4.19874603e+02, 3.23721130e+02, 4.58725861e+02,
       2.81428375e+02, 4.97452606e+02, 2.39407089e+02, 5.35980652e+02,
       1.97460938e+02, 4.46572235e+02, 1.85092560e+02, 3.90448059e+02,
       1.88499664e+02, 3.34038818e+02, 1.91987534e+02, 2.77372803e+02,
       1.95395386e+02, 2.19997894e+02, 1.99017654e+02, 1.62701706e+02,
       2.02369156e+02, 4.40445618e+02, 1.30980499e+02, 3.85763824e+02,
       1.34475800e+02, 3.29970734e+02, 1.37434616e+02, 2.73569977e+02,
       1.40637772e+02, 2.17561752e+02, 1.43937057e+02, 1.60565323e+02,
       1.47416946e+02, 4.34906128e+02, 7.85151062e+01, 3.81028687e+02,
       8.13834076e+01, 3.25888184e+02, 8.44493179e+01, 2.70394318e+02,
       8.75228958e+01, 2.14228867e+02, 9.05385361e+01, 1.58441956e+02,
       9.34907379e+01 ]
